#Rifters
0 680 90
0 920 360
0 1240 240
0 1400 30
0 1600 300
0 1880 120
0 1960 60
0 1960 180
1 2120 90
0 2480 360
0 2480 420
0 2600 120
1 3040 30
1 3040 360
0 3200 120
0 3200 300
0 3600 210
0 3680 150
0 3760 90
0 3840 30
0 3880 420
0 3960 360
0 4040 300
0 4120 240
1 4320 30
0 5120 80
0 5200 40
0 5200 120
0 5200 360
0 5280 320
0 5280 400
0 5480 200
0 5480 240
0 5640 40
0 5640 120
0 5640 320
0 5640 400
1 5800 40
0 6120 320
0 6120 400
0 6240 80
#1 6600 40
#1 6600 320
0 6800 160
0 6880 240
0 6960 320
0 7040 400
0 7120 40
0 7200 120
0 7280 200
0 7360 280
#
0 7800 40
0 7800 160
0 7800 280
0 7800 400
0 8000 100
0 8000 220
0 8000 340